2
010100001
010100004
010100005
010100007
010100010
010100013
010100014
010100017
010100019
010100020
010100023
010200001
010200003
010200005
010200010
010200012
010200013
010200017
010300001
010300003
010300004
010300006
010300007
010300009
010300011
010300012
010300014
010300015
010300017
010300018
010300021
010300022
010300024
010300025
010300027
010300030
010300032
010300036
010300039
010300042
010300043
010300044
010300045
010300048
010300051
010300054
010300055
010300056
010300057
010300060
010300063
010300066
010300072
010300075
010300076
010300077
010300078
010300080
010300081
010300083
010300084
010300085
010300087
010300090
010300093
010300096
010300099
010300100
010300106
010300112
010300113
010300115
010300116
010300120
010300124
010300127
010300129
010300131
010300132
010300141
011100002
011100003
011100006
011100009
011100010
011100011
011100012
011100014
011100015
011100016
011100018
011100021
011100024
011100027
011100029
011100030
011100033
011100035
011100036
011100037
011100039
011300002
011300004
011300006
011300007
011300011
011300013
011300017
011300019
011300021
011300023
012800001
012800004
012800006
013300002
013300004
013300007
013300008
013300011
013300014
013300017
013300020
013300023
013300026
013300029
013300031
013300032
013300033
013300035
013300037
013300038
013300039
013300042
013300043
013300044
013300047
013300052
013300055
013300056
013300059
013300060
013300062
013300063
013300065
013300066
013300070
013300072
013300073
013300076
013300079
013300080
013300084
013300088
013300094
013700002
013700005
013700008
013700011
013700013
013700014
013700015
013700016
013700018
013700019
013700020
013700024
013700026
013700029
014000001
014000002
014000003
014000004
014000005
014000009
014000010
014000013
014000016
014000017
014000019
014000020
014000022
014000024
014000025
014000028
014000031
014000032
014000033
014000034
014000037
014000038
014000039
014000040
014000045
014000046
014000050
014000052
014000056
014000058
014000062
014000064
014000070
014200001
014200004
014200006
014200007
014200009
014200010
014200013
014200015
014200017
014200018
014200019
014200020
014200021
014400004
014400006
014400009
014400013
014400017
014400018
014400025
014900002
014900004
014900006
014900009
015200001
015200003
015200004
015200008
015200016
015200017
015300002
015300005
015300009
015300011
015300012
015300013
015300014
015300015
015300016
020100003
020100006
020100009
020100014
020100015
020100018
020100020
020100021
020100024
020100027
020100030
020100034
020100036
020100038
020100041
020100043
020100048
020400002
020400004
020400005
020400007
020400008
020400009
020400011
020400014
020400015
020400018
020400021
020400023
020400026
020400029
020400031
020400032
020400033
020400034
020400035
020400038
020400040
020400041
020400042
020400044
020400046
020400047
020400050
020400053
020400054
020400055
020400056
020400058
020400059
020400062
020400063
020400064
020400065
020400066
020400068
020400071
020400072
020400074
020400080
020400081
020400082
020400086
020400090
020400092
020400093
020400095
020400096
020400099
020400102
020400104
020400105
020400106
020400107
020400108
020400111
020400112
020400113
020400114
020400115
020400117
020400120
020400123
020400124
020400126
020400127
020400129
020400131
020400132
020400133
020400135
020400137
020400138
020400140
020400141
020400142
020400143
020400144
020400147
020400150
020400151
020400153
020400156
020400159
020400161
020400162
020400165
020400168
020400169
020400171
020400174
020400175
020400177
020400180
020400182
020400183
020400186
020400188
020400189
020400191
020400192
020400195
020400198
020400199
020400200
020400201
020400204
020400208
020400211
020400213
020400214
020400217
020400220
020400223
020400224
020400225
020400228
020400229
020400231
020400232
020400234
020400238
020400241
020400244
020400247
020400248
020400250
020400252
020400254
020400257
020400260
020400262
020400263
020400266
020400269
020400271
020400272
020400274
020400275
020400278
020400281
020400283
020400284
020400285
020400287
020400288
020400290
020400291
020400293
020400294
020400295
020400296
020400297
020400299
020400300
020400302
020400303
020400305
020400307
020400308
020400309
020400314
020400317
020400321
020400324
020400326
020400331
020400332
020400335
020600003
020600006
020600008
020600017
020600018
020600022
020600025
020600029
020600034
020600035
020600040
020600042
020800003
020800006
020800008
020800010
020800011
020800012
020800016
020800019
020900003
020900006
020900009
020900010
020900012
020900015
020900018
020900020
020900021
020900023
020900025
020900027
020900028
020900030
020900033
020900039
020900040
020900041
020900051
020900052
020900053
020900056
020900058
021200001
021200004
021200012
021300001
021300004
021300016
021300018
021300019
021300020
021500003
021500004
021500006
021500009
021500012
021500013
021500015
021500016
021500017
021500019
021500022
021500027
021500031
021500032
021500035
021500036
021500037
021700001
021700003
021700007
021700009
021700010
021700014
021700017
021700021
021700024
021700025
021700026
021700027
021700028
021700029
021700031
021700032
021700035
021700036
021700039
021700042
021700044
021800001
021800006
021800007
021800012
021800013
021800015
021800017
021800018
021800019
021800021
021800022
021800024
021800026
021800028
021800029
021800031
021800035
021800038
021800039
021800043
021800048
021800049
022100001
022100004
022100009
022100015
022100016
022100020
022100023
022300003
022300007
022300008
022300010
022300011
022300012
022300013
022300014
022300017
022300020
022300021
022300023
022300024
022300025
022300028
022300030
022700003
022700008
030100003
030100005
030100008
030100010
030100014
030200001
030200004
030200007
030200008
030200012
030200015
030200019
030200022
030200030
030400003
030400006
030400007
030400009
030400010
030400012
030400013
030500002
030600379
030600380
030601002
030601005
030601008
030601011
030601014
030601023
030601026
030601029
030601030
030601032
030601034
030601035
030601037
030601039
030601040
030601044
030601046
030601047
030601050
030601053
030601054
030601056
030601059
030601062
030601065
030601068
030601071
030601072
030601074
030601077
030601080
030601083
030601086
030602087
030602089
030602092
030602095
030602098
030602101
030602102
030602104
030602108
030602111
030602112
030602114
030602117
030602120
030602121
030602122
030602123
030602126
030602129
030602132
030602133
030602135
030602138
030602141
030602144
030602147
030602150
030602151
030602153
030602156
030602159
030602160
030602162
030602163
030602165
030602168
030602171
030602174
030602177
030602180
030602182
030602183
030602186
030602189
030602191
030602388
030602391
030603192
030603195
030603196
030603198
030603201
030603204
030603207
030603210
030603213
030603216
030603219
030603222
030603225
030603228
030603231
030603234
030603237
030603241
030603243
030603246
030603249
030603250
030603252
030603255
030603257
030603258
030603261
030603262
030603264
030603267
030603270
030603271
030603273
030603274
030603276
030603279
030603280
030603282
030603283
030603285
030603286
030603287
030603288
030603393
030604293
030604296
030604299
030604302
030604304
030604305
030604311
030604314
030604317
030604320
030604323
030604325
030604326
030604329
030604332
030604335
030604338
030604341
030604344
030604347
030604350
030605352
030605353
030605356
030605359
030605362
030605364
030605365
030605368
030605371
030605373
030605374
030605377
030800002
030800004
030800008
030800013
030900001
030900003
030900004
030900006
030900007
030900012
030900018
030900023
031300002
031300004
031300005
031300006
031300010
031300011
031300014
031300016
031300017
031300020
031300024
031300028
031400001
031400002
031400005
031400007
031400011
031600002
031600012
031600025
032400001
032400004
032400007
032400010
032400013
032400016
032400018
032400021
032400030
032400031
032400032
032400033
032400037
032400044
032600002
032600003
032600004
032600007
040400001
040400004
040400007
040400008
040400011
040400012
040400013
040400014
040400017
040400020
040400022
040400023
040400026
040400027
040400029
040400032
040400034
040400035
040400036
040400038
040400041
040400043
040400044
040400046
040400047
040400050
040400053
040400054
040400056
040400058
040400059
040400062
040400064
040400065
040400068
040400071
040400074
040400077
040400080
040400084
040400087
040400090
040400095
040400096
040400097
040400104
040400108
040400112
040400114
040400120
040400123
040400131
040400134
040400139
040600004
040600007
040600009
040600010
040600012
040600013
040600016
040600018
040600020
040600024
040600028
040600029
040600031
040600035
040600038
040600041
040600042
040600045
040600046
040600052
040600058
040600060
040600065
040600066
040600067
040600069
040600071
040600074
040600075
040600078
041300003
041300006
041300011
041300013
041300020
041300023
041300028
041400002
042000003
042000007
042000011
042000014
042000020
042200001
042200004
042200010
042200013
042200017
042200022
042200025
042200027
042200033
042200035
042200041
042600002
042600005
042600010
042600014
042600018
042600020
042800001
042800003
042800007
042800011
042800014
042800016
042800017
042800018
042800021
042800024
042800031
042800032
042800034
042800041
042800048
042800053
042800056
042800065
042800069
042800071
042800074
042800086
042800088
042800089
043100001
043100003
043100004
043100006
043100009
043100010
043100013
043100016
043200003
043200007
050100001
050100004
050100007
050100012
050300001
050600002
050600006
050900001
050900002
050900004
050900005
050900008
050900011
050900014
050900017
050900020
050900023
050900024
050900026
050900032
050900035
050900038
050900041
050900044
050900045
050900048
050900051
050900054
050900057
050900063
050900066
050900069
050900072
050900076
050900082
050900094
050900096
050900102
050900108
050900114
050900118
050900123
051500002
051500003
051600001
051600002
051600011
051600013
051600017
051600023
052200003
052200006
052200010
053000001
053000004
053000005
053000007
053300003
053300006
053700006
060500003
060500006
060800001
060800002
060800005
060800008
060800011
060800014
060800017
060800018
060800022
060800035
060800038
060800039
061000002
061000004
061000005
061000009
061000014
061000017
061000020
061000022
061000023
061000026
061000028
061000029
061000032
061000033
061000035
061000038
061000041
061000043
061000044
061000047
061000050
061000053
061000056
061000059
061000066
061000067
061000068
061000071
061000072
061000074
061000077
061000079
061000080
061000083
061000087
061000089
061000093
061000096
061000097
061000099
061000101
062000003
062000006
062000009
062000013
062000016
062000017
062000018
062000020
062000021
062000023
062000024
062100001
062100003
062100004
062100007
062100019
062700001
062700004
062700007
062700010
062700013
062700019
062700020
062700027
062700029
062700033
062800001
062800003
062800004
062800007
062800009
062800011
063100002
063100006
063100010
063100013
063100018
063100019
063100024
063200002
063200011
063200012
063200015
063500001
063500005
063500006
063500010
070500002
070500005
070500008
070500011
070500014
070500017
070500020
070500023
070500026
070500030
070500033
070500036
070500039
070500042
070500043
070500045
070500046
070500048
070500051
070500052
070500054
070500057
070500059
070500061
070500064
070500066
070500070
070500073
070500076
070500077
070500079
070500082
070500093
070500110
071200003
071200006
071200009
071200012
072900002
072900005
072900008
072900011
072900013
072900014
072900017
072900019
072900020
072900023
072900025
072900026
072900027
072900029
072900032
072900038
072900041
072900048
072900049
072900052
072900056
072900058
072900070
073500001
073500002
073500005
073500008
073500013
073500018
080300004
080300006
080300008
080300009
080300012
080300022
080300027
080300032
081200001
081200004
081200006
081200007
081200011
081200020
081200024
081200028
081200035
081200037
081200044
081200047
081500002
081500006
081500007
081500010
081500012
081500013
081500015
081500018
081500024
081500025
081500027
081500028
081500029
081500030
081500034
081500038
081500044
081500050
081500051
081500052
081500053
081500055
081500057
081500058
081500063
081500065
081700001
081700002
081700005
081700006
081700007
081700010
081700011
081700013
081700014
081700016
081700017
081700018
081700030
081700032
082000002
082000003
082700001
082700002
082700004
082700005
082700008
082700010
082700012
082700014
082700015
082700022
082700027
082700032
082700034
082800002
082800005
082800008
082800014
082800015
082800017
082800019
082800020
082800023
082800024
082800025
082800026
082800028
082800029
082800031
082800032
082800035
082800038
082800040
082800041
082800042
082800044
082800045
082800047
082800049
082800050
082800053
082800056
082800057
082800060
082800062
082800065
082800068
082800071
082800074
082800077
082800078
082800080
082800082
082800083
082800085
082800086
082800089
082800092
082800095
082800098
082800101
082800105
082800107
082800108
082800109
082800111
082800114
082800118
082800120
082800123
082800125
082800126
082900001
082900002
082900007
082900010
082900016
090200001
090200004
090200006
090200012
090200028
090200035
090200041
090200045
090800020
090800023
090800026
090800032
091400002
091400011
091400019
091400021
091400023
091400035
091400039
091400043
091400045
091400046
091400063
091400073
091400076
091500001
091500004
091500022
091500025
091500033
091500036
091500047
091500048
091500050
091500057
091500069
091500073
091500075
091500077
091600003
091600006
091600013
091600016
091600019
091600023
091600025
091600028
091600031
091600034
091600037
091600040
091600041
091600043
091600046
091600049
091600050
091600052
091600055
091600058
091600061
091600066
091600067
091600077
091600082
091600084
091600087
091600095
091600099
091600113
091600123
091600128
091600129
091600130
091600133
091600136
091600138
091600139
091600145
092100002
092100005
092100008
092100011
092100012
092100029
092100032
092100034
092100050
092100051
093500007
093500019
093500028
093500035
093500038
100400002
100400005
100400008
100400011
100400014
102700002
102700013
102900003
102900006
102900009
102900010
102900012
102900014
102900015
102900016
102900018
102900020
102900021
102900022
102900023
102900024
102900027
102900030
102900033
102900036
102900039
102900042
102900045
102900048
102900051
102900052
102900054
102900057
102900060
102900061
102900071
102900073
102900075
102900077
102900080
102900081
102900086
102900088
102900093
102900103
102900104
102900106
103100001
103800002
104100002
104100005
104100009
104800002
104800005
104800008
104800011
104800014
104800016
104800017
104800020
104800023
104800026
104800028
104800029
104800035
104800038
104800041
104800043
104800044
104800047
104800050
104800054
104800055
104800059
104800061
104800064
104800067
110200001
110200004
110200006
111700003
111800001
111800002
111800005
111800008
111800011
111800014
111800017
111800018
111800022
111800023
111800024
111800029
111800031
111800032
111800034
111800035
111800038
111800046
111800054
111800057
111800059
111800063
111800068
111800070
111800071
111800076
111800079
111800082
111800085
111800088
111800089
111800091
111800094
111800100
111800104
111900001
111900004
111900007
111900011
111900013
111900015
111900016
111900017
111900019
111900022
111900023
113300005
113300007
113300008
113300010
113300017
113300019
113300025
113300028
113300029
113300032
113300035
113300041
113400002
113400005
113400008
113400012
113400015
113400018
113400021
113400022
113400023
113400024
113400033
113400055
113400058
113400062
113400065
113400067
113400069
113400072
113400075
113400077
113400078
113600001
113600003
113600004
113600005
113600007
113600012
113800001
113800006
113800007
120200007
120200010
120200013
120200015
120200016
120200018
120200019
120200025
120200027
120200032
120200033
120200034
120200036
120200037
120200039
120400001
120400003
120400004
120400007
120400015
120400016
120400017
120400018
120700001
120700002
120700003
120700005
120700006
120700007
120700010
120700013
121100003
121100004
121100007
121100010
121100011
121100018
121100019
121200001
121200002
121200005
121200008
121200009
121200010
121200013
121400004
121400010
122400001
122400004
122400005
122400006
122400007
122400008
122400010
122400011
122400014
122400018
122400020
122400023
122400024
122400025
122400029
122400031
122400032
122400037
122400038
122400042
122400047
122400048
122400052
122600002
122600003
122600005
122600007
122900001
122900002
122900005
122900008
122900011
122900014
122900017
122900020
122900023
122900026
122900028
122900029
122900031
122900032
122900035
122900038
122900041
122900042
122900044
122900047
122900049
122900050
122900053
122900056
122900058
122900060
122900061
122900066
122900073
122900082
123600001
123600006
123600007
123600013
123800001
123800003
123800004
123800008
123800009
130300001
130300004
130300007
130400002
130400006
130400009
130400012
130600001
130600004
130600009
130600014
130800003
130800006
130800009
130800012
130800015
130800016
130800018
130800021
130800024
130800028
130800039
130800041
130800046
130800048
130800052
130800057
131400002
131400003
131900001
131900004
131900007
131900010
131900013
131900016
131900020
131900022
131900025
131900027
131900028
131900031
131900034
131900037
131900040
131900041
131900047
131900048
131900051
131900052
131900056
131900059
131900062
131900065
131900067
131900068
131900072
131900074
131900077
131900078
131900080
131900083
131900086
131900088
131900151
131900152
131900155
131900157
131900160
131900161
131900162
131900163
131900164
131900165
131900167
131900170
131900171
131900178
131900182
131900183
131900184
131900190
131900192
131900202
131900203
132000002
132000003
132000005
132000008
132000011
132000014
132000017
132000023
132000026
132100002
132100003
132100004
132100005
132100006
132100008
132100009
132100012
132100015
132100018
132100021
132100027
132400002
132400005
132400011
132400014
132400016
132900001
132900002
132900005
132900008
132900009
132900011
132900014
132900017
132900022
132900025
132900029
132900030
133200001
133200004
133900002
140800003
140800005
140800008
140800018
140800020
140800021
141900002
141900014
142200002
142200006
143200003
143200004
143200006
143200009
143200010
143200012
143200015
143200021
143200024
143200027
143200030
143200033
143200037
143200040
143200042
143200043
143200046
143200047
143200050
143200052
143200053
143200056
143200058
143200059
143200062
143200065
143200068
143200070
143200071
143200072
143200074
143200075
143200076
143200077
143200080
143200083
143200085
143200086
143200088
143200089
143200092
143200095
143200098
143200099
143200101
143200104
143200107
143200110
143200113
143200116
143200120
143200123
143200126
143200128
143200130
143200135
143200136
143200137
143600001
143600003
143600006
143600009
143600013
143600016
143600018
143600021
143600022
143600027
143600030
143600031
143600035
143600037
143600040
143600044
143600050
145100002
145100004
145100006
145100007
145100009
145100020
150300001
150300012
150800001
150800004
150800007
150800011
150800012
150800016
150800020
151000002
151000003
151000005
151000008
151000009
151000011
151000012
151000014
151000016
151000020
151000022
151000023
151000024
151000027
151000029
151000030
151000031
151000033
151100003
151100004
151100006
151100010
151100014
151100017
151100018
151100020
151600001
151600004
151600007
151600009
151600010
151600013
151600017
151600021
151600022
151600024
151600027
151600028
151600030
152100001
152100004
152100006
152100008
152100013
152300003
152300005
152300007
152300008
152400003
152400005
152400006
152400009
152400012
152400015
152400018
152400021
152400024
152400027
152400030
152400033
152400036
152400039
152400042
152400045
152400048
152400051
152400054
152400057
152400060
152400063
152400066
152400069
152400075
152400078
152400079
152400081
152400084
152400087
152400089
152400090
152400093
152400096
152400099
152400102
152400104
152400105
152400107
152400108
152400111
152400114
152400115
152400117
152400120
152400123
152400126
152400200
152400203
152400205
152400210
152400212
152400220
152400226
152400231
152400232
152400234
152700002
152700007
152700009
153700001
153700006
153700007
153700010
153700013
153700014
153700015
153700016
153700018
153700022
153700025
153700028
153700031
153700034
153700037
153900003
153900005
153900006
153900009
153900012
162201002
162201005
162201008
162201011
162201014
162201016
162201017
162201020
162201023
162201024
162201026
162201028
162201029
162201032
162201033
162201035
162201038
162201039
162201041
162201044
162201045
162201047
162201050
162201052
162201053
162201056
162201059
162201062
162201065
162201068
162201071
162201072
162201074
162201077
162201080
162201083
162201084
162201086
162201089
162201092
162201093
162201095
162201098
162201102
162202001
162202002
162202004
162202010
162202016
162202019
162202022
162202024
162202028
162202031
162202035
162202042
162202046
162202052
162202055
162202058
162202059
162202060
162202061
162202062
162202064
162202067
162202070
162203003
162203006
162203007
162203009
162203012
162203016
162203018
162203019
162203022
162203025
162203028
162203034
162203035
162203036
162203037
162203040
162203046
162203051
162203052
162204003
162204006
162204009
162204011
162204012
162204013
162204015
162204017
162204018
162204019
162204021
162204024
162204025
162204027
162204030
162204036
162204039
162204042
162204044
162204048
162204054
162204057
162204059
162204060
162204063
162204064
162204066
162204072
162205002
162205005
162205008
162205011
162205014
162205015
162205017
162205020
162205023
162205026
162205028
162205029
162205032
162205035
162205038
162205040
162205041
162205044
162205047
162205049
162205050
162205053
162205054
162205055
162205056
162205058
162205059
162205062
162205065
162205068
162205071
162205072
162205073
162205074
162205077
162205080
162205083
162205086
162205089
162205092
162205095
162205100
162206003
162206006
162206009
162206012
162206014
162206015
162206018
162206021
162206024
162206026
162206027
162206030
162206033
162206035
162206036
162206039
162206042
162206045
162206046
162206048
162206051
162206054
162206057
162206059
162206060
162206063
162206066
162206067
162206069
162206070
162206072
162206074
170100003
170100005
170100006
170100008
170100009
170100011
170100012
170100015
170100018
170100020
170100021
170100024
170100025
170100027
170100030
170100033
170100036
170100037
170100039
170100042
170100045
170100048
170100051
170100054
170100057
170100060
170100062
170100063
170100065
170100071
170100076
170100077
170100079
170100081
170100084
170100086
170100090
170100091
170100095
170100096
170100098
170100102
170100103
170100104
170700002
170700003
170700005
170700006
170700007
170700018
171200002
171200006
171200009
171200014
171200016
171200017
171200020
171300001
171300004
171300006
171300007
171300009
171300010
171300011
171300013
171300014
171300016
171300019
171300022
171300025
171300027
171300028
171300031
171300034
171300037
171300040
171300043
171300046
171300047
171300049
171300054
171300057
171300059
171300062
171300063
171300064
171300065
171300066
171300067
171300070
171300071
171300073
171300076
171500001
171700001
171700006
171700009
171700012
171700015
171700017
171700018
171700021
171700025
171700027
171700028
171700029
171700030
171700033
171700037
171700039
172300003
172300004
172300006
172300007
172300008
172300009
172300011
172300012
172300014
172300015
172300017
172300018
172300020
172300024
172300026
172300027
172300031
172300034
172300037
172300038
172300039
172500001
172500003
172500006
172500009
172500012
172500019
172500023
172500024
172500025
172500027
172500030
172500033
172600002
172600004
172600006
172600009
172600011
172600012
172600015
172600018
172600019
172600021
172600025
172600029
172600032
172600033
172600034
172600036
172600037
172600041
172600045
172600047
172600048
172600049
172600051
172800001
172800003
172800004
172800006
172800008
172800009
172800012
172800014
172800015
172800020
173300003
173300006
173300007
173300008
173300010
173300011
173300013
173300015
173700001
173700002
173700004
173700007
173700010
173700014
173700018
173700019
173700020
173900001
173900002
173900009
174000001
174000004
174100006
174100009
174100012
174100013
174100014
174100015
174100024
174200003
174200006
174200010
174200013
174300004
174300010
181100001
181100003
181100004
181100005
181100010
181100011
181100012
181100014
181400004
181400005
181400007
181400011
181400013
181400017
181400018
181400020
181400021
181400022
181400024
181400028
181600002
181600003
181600004
181600005
181600007
181600012
181600014
181600015
181600018
181600020
181600022
181600023
181600028
181700008
181700009
181700010
181700015
182600001
182600002
182600004
182600005
182600006
182600007
182600008
182600013
182600021
182600022
182600024
182600025
182600027
182600028
182600029
182600032
182600035
182600038
182600041
182600043
182600044
182600047
182600050
182600053
182600055
182600056
182600059
182600062
182600064
182600065
182600070
182900003
182900007
182900016
183600003
183600007
183600008
190300001
190300006
190300011
190400003
190400005
190400006
190400009
190400018
190400023
190500002
190500003
190500006
190500009
190500012
190500018
190800003
190800006
190800010
191300002
191300006
191300010
191300013
191300017
192700001
192700004
192700007
192700010
192700013
192700014
192700022
192700025
192700028
192700032
192700038
192700041
192700044
192700045
192700047
192700050
192700053
192700056
192700059
192700062
192700065
192700068
192700071
192700074
192700077
192700080
192700083
192700086
192700089
192700092
192700095
192700098
192700101
192700104
192700110
192700113
192700116
192700119
192700122
192700125
192700128
192700130
192700131
192700134
192700137
192700140
192700143
192700146
192700149
192700151
192700152
192700155
192700158
192700161
192700164
192700167
192700170
192700173
192700176
192700179
192700181
192700183
192700187
192700190
192700193
192700197
192700200
192700204
192700205
192700217
193300002
193300007
193300009
193300012
193300015
193700002
193700005
200100208
200100210
200700301
200700302
200700305
200700306
200700309
200700312
200700316
200700318
201000401
201000404
201000407
201000414
201000418
201000424
201000427
201000430
201000431
201000432
201000437
201000438
201500507
201500512
203100103
203100106
203100109
203100112
203100115
203100118
203100121
203100127
203100130
203100131
203100133
203100136
203100139
203100142
203100145
203100148
203100151
203100154
203100156
203100159
203100171
203100172
203100173
203100178
203100184
203100185
203100187
203100191
203100192
203200602
203200607
203200612
203400701
203400707
203400710
203400713
203400716
203400717
203400721
203400723
203400724
203400725
211100001
211100005
211100013
211100021
211100023
211100025
211100026
211100028
211100031
211600003
211600006
211600009
211600011
211600013
211600015
211600017
211600018
211600021
211600024
211600027
211600030
211600033
211600034
211600037
211600041
211600043
211600046
211600047
211600052
211600062
212000001
212000004
212000007
212000010
212000013
212000014
212000016
212000022
212000025
212000026
212000028
212000031
212000034
212000036
212000037
212000038
212000039
212000046
212000047
212000049
212000052
212000053
212000054
212000055
212000056
212000058
212000061
212000064
212000066
212000067
212000070
212000071
212000073
212000076
212000077
212000078
212000079
212000081
212000082
212000085
212000086
212000087
212000091
212000094
212000095
212000096
212000097
212000099
212000100
212000103
212000106
212000111
212000112
212000115
212000118
212000121
212000123
212000124
212000126
212000131
212000136
212000137
212000141
212000143
212000144
212000146
212000151
212000156
212000161
212000162
212000166
212000167
212000171
212000173
212000174
212000178
212000179
212000185
212400001
212400002
212400004
212400007
212400008
212400010
212400011
212400014
212400018
212400020
220200001
220200002
220200003
220200005
220200009
220200011
220200012
220200013
220200014
220500001
220500005
220500007
220900002
220900003
220900004
220900005
220900008
220900010
220900013
220900016
220900019
220900022
221000001
221000005
221000006
221000007
221000009
221000010
221100001
221100005
221100008
221100010
221100011
221100016
221100020
221100021
221600001
221600002
221600003
221600005
221600006
221600009
221600011
221600015
221600017
221600022
221600025
221600026
221600028
221600031
221600034
221800002
221800005
221800009
221800012
221800016
221800018
221800022
222700001
222700002
222700005
222700008
222700010
222700012
222700015
222700016
222700017
223100003
223100004
223100005
223100006
223100007
223100010
223100013
223100016
223100019
223100022
223100025
223100028
223100029
223100031
223100034
223100036
223100039
223100046
223100063
223100066
223100067
223100068
223100072
223100073
223100074
223100077
223100078
223100081
223800002
223800005
223800007
234602002
234602005
234602008
234602011
234602013
234602014
234602016
234602017
234602020
234602023
234602025
234602026
234602028
234602029
234602032
234602033
234602034
234602035
234602038
234602041
234602044
234602046
234602047
234602050
234602052
234602053
234602055
234602056
234602058
234602059
234602062
234602065
234602066
234602068
234602070
234602071
234602073
234602074
234602077
234602078
234602079
234602080
234602082
234602083
234602086
234602087
234602089
234602091
234602092
234602094
234608003
234608006
234608009
234608010
234608011
234608012
234608015
234608018
234608021
234608024
234608025
234608027
234608030
234608033
234608034
234609002
234609005
234609006
234609007
234609008
234609011
234609013
234609014
234609017
234609020
234609023
234609024
234609026
234609029
234609032
234609035
234609038
234609039
234609041
234609044
234609046
234609047
234609050
234609051
234609053
234609056
234609059
234609060
234609062
234609065
234609071
234609073
234609074
234609076
234609077
234609081
234610001
234610002
234610003
234610004
234610006
234610007
234610010
234610013
234610016
234610019
234610023
234610025
234610026
234610028
234610031
234610034
234610037
234610040
234610042
234610043
234610046
234610047
234610049
234610051
234610052
234610055
234610058
234610059
234610061
234610064
234610068
234610071
234610074
234610075
234610076
234610077
234610080
234610083
234610086
234610087
234610089
234610091
234610092
234610093
234610095
234610096
234610098
234610105
234610106
234610108
234610109
234610115
234615003
234615006
234615009
234615011
234615012
234615013
234615015
234615018
234615021
234615024
234615025
234615026
234615027
234615030
234615031
234615033
234615034
234615035
234615036
234615038
234615039
234615042
234615045
234615046
234615047
234615048
234615051
234615052
234615053
234615054
234615056
234615057
234615060
234615063
234615066
234615069
234615071
234615072
234615075
234615078
234615081
234615083
234615084
234615086
234615087
234615088
234615093
234615096
234615101
234615102
234615105
234615108
234615111
234615112
234615114
234615117
234615120
234615123
234615125
234615126
234615127
234616004
234616008
234616011
234616012
234616014
234616017
234616018
234616020
234616021
234616023
234616024
234616027
234616030
234616032
234616033
234616034
234616036
234616039
234616042
234616045
234616048
234616051
234617001
234617002
234617003
234617005
234617006
234617007
234617010
234617013
234617014
234617020
234617022
234617023
234617026
234617027
234617029
234617031
234617032
234617035
234617036
234617037
234617038
234617041
234617043
234617044
234617045
234617047
234617049
234617050
234617057
234617062
234617065
234617066
234617068
234617069
234617070
234617071
234623001
234623004
234623007
234623010
234623013
234623014
234623016
234623017
234623022
234623023
234623027
234623028
234623030
244601001
244601002
244601003
244601004
244601007
244601010
244601013
244601016
244601018
244601019
244601022
244601025
244601028
244601029
244601030
244601031
244601034
244601036
244601037
244601038
244601039
244601040
244601042
244601045
244603003
244603007
244603009
244603011
244603012
244603014
244603018
244603020
244603021
244603022
244603026
244603031
244603034
244603035
244603036
244603037
244603041
244603045
244603046
244603047
244603052
244603053
244603055
244603056
244603058
244603061
244603062
244603064
244604003
244604005
244604006
244604009
244604011
244604012
244604018
244604021
244604024
244604027
244604028
244604030
244604031
244604032
244604033
244604034
244604037
244604039
244604040
244604044
244604045
244604046
244604047
244604049
244604050
244604051
244604052
244604053
244604055
244604056
244604057
244604059
244604060
244604061
244605003
244605005
244605006
244605007
244605009
244605012
244605015
244605017
244605018
244605021
244605022
244605025
244605028
244605031
244605034
244605037
244605038
244605040
244605043
244605045
244605046
244605047
244605048
244605049
244605050
244605051
244605052
244605054
244605055
244605059
244605060
244605061
244605063
244606001
244606004
244606006
244606007
244606010
244606013
244606014
244606016
244606019
244606022
244606023
244606024
244606025
244606027
244606028
244606029
244606031
244606032
244606033
244606034
244606036
244606037
244606040
244606041
244606043
244606046
244606049
244606052
244606054
244606055
244606058
244606062
244606064
244606065
244606067
244606068
244606073
244606074
244606076
244606077
244606079
244606080
244606082
244606083
244607001
244607002
244607004
244607005
244607006
244607008
244607010
244607011
244607012
244607014
244607017
244607018
244607020
244607023
244607026
244607029
244607031
244607033
244607034
244607035
244607038
244607039
244607040
244607041
244607044
244607045
244607046
244607047
244607050
244607053
244607054
244607056
244607059
244607060
244607062
244607065
244607066
244607068
244607070
244607071
244607072
244607073
244607074
244607077
244607081
244607083
244614002
244614004
244614005
244614008
244614010
244614011
244614012
244614014
244614016
244614017
244614021
244614024
244614027
244614029
244614030
244614031
244614033
244614034
244614035
244614036
244614038
244614039
244614040
244614042
244614045
244614048
244614051
244614054
244614055
244614056
244614057
244614060
244614063
244614064
244614066
244614068
244614069
244614070
244614072
244614073
244614075
244614078
244622003
244622004
244622005
244622006
244622007
244622008
244622011
244622014
244622019
244622022
244622023
254611001
254611003
254611005
254611006
254611007
254611009
254611012
254611013
254611015
254611018
254611021
254611023
254611024
254611026
254611027
254611028
254611030
254611033
254611036
254611039
254611042
254611045
254611048
254611051
254611054
254611057
254611059
254611060
254611062
254611063
254611064
254611070
254611073
254611075
254611077
254612002
254612003
254612004
254612005
254612008
254612014
254612016
254612017
254612020
254612023
254612026
254612028
254612029
254612031
254612032
254612034
254612035
254612036
254612037
254612038
254613008
254613010
254613013
254613016
254613019
254613022
254613025
254613028
254613030
254613031
254613037
254613040
254613043
254613045
254613046
254613048
254613049
254613050
254613052
254613055
254613058
254613061
254613063
254613064
254613066
254613067
254613069
254618003
254618006
254618007
254618009
254618011
254618012
254618014
254618015
254618018
254618019
254618020
254618021
254618023
254618024
254618027
254618030
254618032
254618033
254618036
254618037
254618039
254618042
254618043
254618046
254618049
254618050
254618052
254618055
254618058
254618060
254618062
254618064
254618065
254618067
254618068
254618070
254618071
254618073
254619001
254619002
254619003
254619006
254619009
254619011
254619012
254619013
254619016
254619017
254619019
254619022
254619025
254619028
254619031
254619034
254619037
254619038
254619039
254619041
254619043
254619046
254619049
254619050
254619052
254619053
254619055
254619056
254619058
254619060
254619061
254619064
254619065
254619067
254619068
254619072
254619073
254619074
254619075
254619077
254619078
254619082
254619083
254619086
254619089
254619091
254619092
254619093
254619095
254619096
254619097
254619098
254619101
254619102
254619103
254619104
254619105
254619107
254619110
254619111
254619112
254619113
254619119
254619122
254619124
254619125
254619128
254619131
254620001
254620002
254620003
254620006
254620009
254620012
254620020
254620021
254620023
254620024
254620025
254620027
254620028
254620030
254620033
254620036
254620038
254620039
254620043
254620047
254620048
254620050
254620051
254620053
254620054
254621004
254621011
254621012
254621017
254621018
254621020
254621022
254621023
254621025
254621026
254621031
254621032
254624001
254624004
254624006
254624007
254624010
254624015
254624017
254624018
260600001
260600003
260600004
260600007
260700001
260700003
260700006
260700009
260700012
260700015
260700018
260700021
260700025
260700028
260700031
260700034
260700036
260700042
260900001
260900004
261000002
261000003
261000006
261600002
261600003
261600005
261600009
261700001
261700004
261700005
261700007
261700009
261700012
261700015
261700017
261700020
261700024
261700027
261700028
261700029
261800003
261800005
261800006
261800009
261800013
262000001
262000003
262000004
262000007
262000010
262000017
262000021
262000022
262000023
262000026
262000027
262400001
262400003
262500001
262500004
262500007
262500012
262500015
262500017
262600002
262600004
262600007
262600010
262600013
262600015
262600019
262600022
263400003
263400011
263400012
263900002
263900003
263900006
263900009
263900012
263900015
263900018
263900021
263900025
263900027
263900028
263900031
263900034
263900045
263900052
263900054
263900055
263900058
263900061
263900062
263900065
264300001
264300004
264300005
264300007
264300008
264300011
264300012
264300013
264300014
264300016
264300018
264300019
264300027
264300034
264300036
264300039
264300040
264300042
264500004
264500007
264500010
264700001
264700004
264700007
265500002
265500005
265500008
265500011
265600001
265700002
265900001
265900004
270400001
270400002
270400006
270400008
270400012
270400014
270400018
270400021
270400024
270700003
270700004
270700005
270700008
270700009
270700010
270700015
270700020
271200001
271200002
271200005
271200008
271200010
271200011
271200012
271200014
271200017
271200020
271200023
271200024
271200026
271200029
271200030
271200032
271200035
271200038
271200041
271200044
271200047
271200048
271200050
271200053
271200054
271200056
271200057
271200058
271200061
271200064
271200065
271200067
271200069
271200070
271200073
271200077
271200078
271200079
271200082
271200083
271200086
271200088
272200001
272200003
272200004
272200005
272200009
272200013
272200015
272200016
272300005
272300013
272400003
272400009
272400011
272400015
272400019
272400020
272700001
272700002
272700005
272700006
272700007
272700008
272700011
272700012
272700013
272700014
272700016
272700018
272700024
272700027
272700032
272700035
272700036
273100001
273100002
273100005
273100008
273100009
273100010
273100011
273100012
273100014
273100017
273100020
273100023
273100026
273100029
273100030
273100032
273100035
273100038
273100040
273100041
273100046
273100047
273100049
273100050
273100053
273100059
273100061
273100062
273100064
273100066
273100069
273100072
273100075
273100078
273100081
273100084
273100087
273100088
273100089
273100090
273100093
273100096
273100098
273100099
273100102
273100103
273100105
273100108
273100111
273100113
273100114
273100117
273100118
273100120
273100123
273100126
273100129
273100132
273100133
273100134
273100135
273100136
273100138
273100140
273100141
273100143
273100144
273100146
273100147
273100148
273100152
273100156
273100159
273100160
273100161
273100165
273100168
273100169
273100173
273100175
273100177
273100178
273100179
273100182
273100190
273100193
273100194
273100197
273100199
273100205
273600003
273600005
273600006
273600012
273600014
273600015
273600018
273600024
273600026
273600029
273600032
273600033
273600034
273600037
273600038
273700001
273700004
273700005
273700006
273800002
273800003
273800006
280200003
280200005
280200008
280200015
280200019
280200031
280200036
280200038
282200003
282200004
282200006
282200010
282200018
282200022
282200024
282200025
282200026
282200036
282200037
282200040
282200044
282200045
282200046
282300008
282300011
282400001
282400002
282400004
282400006
282400007
282400009
282400010
282400013
282400018
282400021
282400026
282400031
282400037
282400041
282400042
282400049
283500001
283500003
283500004
283500006
283500007
283500011
283500013
283500016
283500019
283500022
283500025
283500028
283500034
283500036
283500039
283500040
283500043
283500046
283500049
283500052
283500054
283500057
283500058
283500060
283500062
283500063
283500065
283500070
283500071
283500076
283500081
283500082
283500085
283500087
283500089
283500093
283500095
283500097
283500099
283500103
290900001
290900002
290900004
290900005
290900007
290900010
290900013
290900015
290900016
290900019
290900022
290900023
290900025
290900026
290900028
290900030
290900031
290900034
290900036
290900037
290900040
290900043
290900046
290900048
290900049
290900052
290900053
290900054
290900056
290900057
290900061
290900062
290900065
290900066
290900067
290900068
290900069
290900072
290900073
290900075
290900077
290900081
290900083
290900087
290900088
291100003
291100009
291100010
291100012
291100021
291100023
291700004
291700007
291700010
291700013
291700015
291700016
291800001
291800002
291800003
291800005
291800006
291800009
291800011
291900001
291900010
291900012
291900014
291900015
292800001
292800004
292800007
292800010
292800011
292800013
292800016
292800019
292800021
292800023
292800024
292800025
292800028
292800029
292800032
292800033
292800039
292800040
292800042
292900005
292900006
292900009
293000008
293000012
293000014
293000015
293000016
293000018
293000022
293000024
293000025
293000026
293200003
293200006
293200011
293200016
293200021
293300001
293300004
293300009
293300010
293300011
293300013
293300014
293300016
293300019
293300022
293300023
293300024
293300025
293300032
293300038
293300039
293300043
293400006
293400009
293400012
293400013
293400014
293400018
293400020
293400021
293400024
293400026
293400027
293400030
293400033
293400036
293400039
293400041
293400042
293400044
293400045
293400048
293400051
293400054
293400055
293400057
293400059
293400062
293400063
293400066
293400067
293400069
293400071
293400072
293400074
293400075
293400076
293400078
293400081
293400087
293400090
293400093
293400095
293400096
293400099
293400102
293400105
293400108
293400112
293400116
293400118
293400124
293400126
293400131
293400133
293400138
293400143
293400147
293400149
300700001
300700008
300700009
300700015
301000001
301000002
301000007
301000013
301000016
301000017
301000018
301000019
301100005
301100006
301100007
301100008
301100010
301100013
301100014
301100019
301100020
301800001
301800002
301800005
301800006
301800009
301800011
301800013
301800014
301800015
301800017
301800018
301800019
301800021
301800022
301900003
301900006
301900007
301900009
301900010
301900014
302100006
302100007
302100012
302200002
302200004
302200005
302200006
302200010
302200011
302200014
302200015
302200017
302200019
302200020
302200024
302200028
302200029
302300003
302300007
302300009
302300011
302300013
302300015
302500002
302500007
302500009
302500010
302500011
302500012
303000001
303000002
303000003
303000005
303000008
303000011
303000013
303000014
303000017
303000020
303000022
303000023
303000026
303000029
303000030
303000032
303000035
303000037
303000038
303000041
303000043
303000044
303000046
303000047
303000048
303000050
303000051
303000053
303000054
303000056
303000057
303000059
303000062
303000065
303000067
303000068
303000071
303000073
303000074
303000075
303000080
303000083
303000086
303000089
303000091
303000092
303000093
303000098
303000099
303000101
303000104
303000105
303000106
303000108
303000111
303000112
303000116
303000118
303000121
303000124
310300001
310300019
310700003
310700005
310700006
310700009
310700012
310700024
312200001
312200004
312200010
312200011
312500002
312500006
312500010
312500019
312500024
312500032
312500033
312500036
312500037
312500044
312500046
312600001
312600004
312600007
312600010
312600013
312600016
312600019
312600022
312600025
312600028
312600031
312600034
312600040
312600043
312600052
312600055
312600058
312600061
312600064
312600067
312600070
312600073
312600076
312600079
312600082
312600085
312600088
312600091
312600094
312600097
312600100
320200004
320900017
321200022
321200027
321200033
321200034
321200035
321300046
321300050
321300060
321300061
321300065
321300066
321300067
321400070
321500073
322200090
322200103
322300107
322300108
322500113
322800122
324600153
324600154
325800175
325800177
325800182
326000186
